    0.10000E-03    0.47195E+03
    0.10202E-03    0.48110E+03
    0.10408E-03    0.49042E+03
    0.10618E-03    0.49992E+03
    0.10833E-03    0.50960E+03
    0.11052E-03    0.51947E+03
    0.11275E-03    0.52954E+03
    0.11503E-03    0.53979E+03
    0.11735E-03    0.55025E+03
    0.11972E-03    0.56091E+03
    0.12214E-03    0.57177E+03
    0.12461E-03    0.58284E+03
    0.12712E-03    0.59413E+03
    0.12969E-03    0.60564E+03
    0.13231E-03    0.61736E+03
    0.13499E-03    0.62932E+03
    0.13771E-03    0.64150E+03
    0.14049E-03    0.65393E+03
    0.14333E-03    0.66659E+03
    0.14623E-03    0.67949E+03
    0.14918E-03    0.69265E+03
    0.15220E-03    0.70606E+03
    0.15527E-03    0.71972E+03
    0.15841E-03    0.73366E+03
    0.16161E-03    0.74786E+03
    0.16487E-03    0.76233E+03
    0.16820E-03    0.77708E+03
    0.17160E-03    0.79212E+03
    0.17507E-03    0.80745E+03
    0.17860E-03    0.82307E+03
    0.18221E-03    0.83900E+03
    0.18589E-03    0.85523E+03
    0.18965E-03    0.87177E+03
    0.19348E-03    0.88863E+03
    0.19739E-03    0.90582E+03
    0.20138E-03    0.92334E+03
    0.20544E-03    0.94119E+03
    0.20959E-03    0.95939E+03
    0.21383E-03    0.97794E+03
    0.21815E-03    0.99684E+03
    0.22255E-03    0.10161E+04
    0.22705E-03    0.10357E+04
    0.23164E-03    0.10558E+04
    0.23632E-03    0.10762E+04
    0.24109E-03    0.10970E+04
    0.24596E-03    0.11181E+04
    0.25093E-03    0.11397E+04
    0.25600E-03    0.11617E+04
    0.26117E-03    0.11842E+04
    0.26645E-03    0.12070E+04
    0.27183E-03    0.12303E+04
    0.27732E-03    0.12541E+04
    0.28292E-03    0.12783E+04
    0.28864E-03    0.13029E+04
    0.29447E-03    0.13281E+04
    0.30042E-03    0.13537E+04
    0.30649E-03    0.13798E+04
    0.31268E-03    0.14064E+04
    0.31899E-03    0.14335E+04
    0.32544E-03    0.14611E+04
    0.33201E-03    0.14893E+04
    0.33872E-03    0.15179E+04
    0.34556E-03    0.15472E+04
    0.35254E-03    0.15770E+04
    0.35966E-03    0.16073E+04
    0.36693E-03    0.16382E+04
    0.37434E-03    0.16697E+04
    0.38190E-03    0.17018E+04
    0.38962E-03    0.17346E+04
    0.39749E-03    0.17679E+04
    0.40552E-03    0.18019E+04
    0.41371E-03    0.18365E+04
    0.42207E-03    0.18717E+04
    0.43060E-03    0.19076E+04
    0.43929E-03    0.19442E+04
    0.44817E-03    0.19815E+04
    0.45722E-03    0.20195E+04
    0.46646E-03    0.20582E+04
    0.47588E-03    0.20976E+04
    0.48550E-03    0.21377E+04
    0.49530E-03    0.21787E+04
    0.50531E-03    0.22203E+04
    0.51552E-03    0.22628E+04
    0.52593E-03    0.23060E+04
    0.53656E-03    0.23500E+04
    0.54739E-03    0.23949E+04
    0.55845E-03    0.24406E+04
    0.56973E-03    0.24871E+04
    0.58124E-03    0.25345E+04
    0.59299E-03    0.25828E+04
    0.60496E-03    0.26319E+04
    0.61719E-03    0.26820E+04
    0.62965E-03    0.27330E+04
    0.64237E-03    0.27849E+04
    0.65535E-03    0.28378E+04
    0.66859E-03    0.28916E+04
    0.68210E-03    0.29464E+04
    0.69588E-03    0.30022E+04
    0.70993E-03    0.30590E+04
    0.72427E-03    0.31169E+04
    0.73891E-03    0.31758E+04
    0.75383E-03    0.32357E+04
    0.76906E-03    0.32968E+04
    0.78460E-03    0.33589E+04
    0.80045E-03    0.34222E+04
    0.81662E-03    0.34865E+04
    0.83311E-03    0.35521E+04
    0.84994E-03    0.36188E+04
    0.86711E-03    0.36867E+04
    0.88463E-03    0.37558E+04
    0.90250E-03    0.38261E+04
    0.92073E-03    0.38976E+04
    0.93933E-03    0.39704E+04
    0.95831E-03    0.40445E+04
    0.97767E-03    0.41198E+04
    0.99742E-03    0.41965E+04
    0.10176E-02    0.42745E+04
    0.10381E-02    0.43539E+04
    0.10591E-02    0.44346E+04
    0.10805E-02    0.45168E+04
    0.11023E-02    0.46003E+04
    0.11246E-02    0.46852E+04
    0.11473E-02    0.47716E+04
    0.11705E-02    0.48595E+04
    0.11941E-02    0.49488E+04
    0.12182E-02    0.50396E+04
    0.12429E-02    0.51320E+04
    0.12680E-02    0.52259E+04
    0.12936E-02    0.53213E+04
    0.13197E-02    0.54183E+04
    0.13464E-02    0.55169E+04
    0.13736E-02    0.56171E+04
    0.14013E-02    0.57189E+04
    0.14296E-02    0.58224E+04
    0.14585E-02    0.59276E+04
    0.14880E-02    0.60344E+04
    0.15180E-02    0.61429E+04
    0.15487E-02    0.62532E+04
    0.15800E-02    0.63651E+04
    0.16119E-02    0.64789E+04
    0.16445E-02    0.65943E+04
    0.16777E-02    0.67116E+04
    0.17116E-02    0.68307E+04
    0.17462E-02    0.69515E+04
    0.17814E-02    0.70742E+04
    0.18174E-02    0.71987E+04
    0.18541E-02    0.73251E+04
    0.18916E-02    0.74533E+04
    0.19298E-02    0.75834E+04
    0.19688E-02    0.77154E+04
    0.20086E-02    0.78493E+04
    0.20491E-02    0.79851E+04
    0.20905E-02    0.81228E+04
    0.21328E-02    0.82624E+04
    0.21758E-02    0.84040E+04
    0.22198E-02    0.85475E+04
    0.22646E-02    0.86929E+04
    0.23104E-02    0.88403E+04
    0.23571E-02    0.89896E+04
    0.24047E-02    0.91409E+04
    0.24533E-02    0.92942E+04
    0.25028E-02    0.94494E+04
    0.25534E-02    0.96066E+04
    0.26050E-02    0.97657E+04
    0.26576E-02    0.99267E+04
    0.27113E-02    0.10090E+05
    0.27660E-02    0.10255E+05
    0.28219E-02    0.10422E+05
    0.28789E-02    0.10590E+05
    0.29371E-02    0.10761E+05
    0.29964E-02    0.10934E+05
    0.30569E-02    0.11108E+05
    0.31187E-02    0.11285E+05
    0.31817E-02    0.11463E+05
    0.32460E-02    0.11643E+05
    0.33115E-02    0.11825E+05
    0.33784E-02    0.12009E+05
    0.34467E-02    0.12194E+05
    0.35163E-02    0.12381E+05
    0.35874E-02    0.12570E+05
    0.36598E-02    0.12760E+05
    0.37338E-02    0.12953E+05
    0.38092E-02    0.13146E+05
    0.38861E-02    0.13342E+05
    0.39646E-02    0.13538E+05
    0.40447E-02    0.13737E+05
    0.41264E-02    0.13937E+05
    0.42098E-02    0.14138E+05
    0.42948E-02    0.14340E+05
    0.43816E-02    0.14544E+05
    0.44701E-02    0.14749E+05
    0.45604E-02    0.14955E+05
    0.46525E-02    0.15162E+05
    0.47465E-02    0.15370E+05
    0.48424E-02    0.15579E+05
    0.49402E-02    0.15789E+05
    0.50400E-02    0.15999E+05
    0.51419E-02    0.16211E+05
    0.52457E-02    0.16423E+05
    0.53517E-02    0.16635E+05
    0.54598E-02    0.16848E+05
    0.55701E-02    0.17061E+05
    0.56826E-02    0.17274E+05
    0.57974E-02    0.17488E+05
    0.59145E-02    0.17702E+05
    0.60340E-02    0.17915E+05
    0.61559E-02    0.18128E+05
    0.62803E-02    0.18341E+05
    0.64072E-02    0.18553E+05
    0.65366E-02    0.18765E+05
    0.66686E-02    0.18976E+05
    0.68033E-02    0.19186E+05
    0.69408E-02    0.19395E+05
    0.70810E-02    0.19603E+05
    0.72240E-02    0.19809E+05
    0.73700E-02    0.20014E+05
    0.75189E-02    0.20218E+05
    0.76708E-02    0.20419E+05
    0.78257E-02    0.20619E+05
    0.79838E-02    0.20816E+05
    0.81451E-02    0.21011E+05
    0.83096E-02    0.21203E+05
    0.84775E-02    0.21393E+05
    0.86488E-02    0.21579E+05
    0.88235E-02    0.21763E+05
    0.90017E-02    0.21943E+05
    0.91836E-02    0.22119E+05
    0.93691E-02    0.22292E+05
    0.95583E-02    0.22460E+05
    0.97514E-02    0.22625E+05
    0.99484E-02    0.22785E+05
    0.10149E-01    0.22940E+05
    0.10354E-01    0.23090E+05
    0.10564E-01    0.23235E+05
    0.10777E-01    0.23374E+05
    0.10995E-01    0.23508E+05
    0.11217E-01    0.23635E+05
    0.11443E-01    0.23757E+05
    0.11675E-01    0.23872E+05
    0.11910E-01    0.23980E+05
    0.12151E-01    0.24081E+05
    0.12397E-01    0.24175E+05
    0.12647E-01    0.24261E+05
    0.12902E-01    0.24339E+05
    0.13163E-01    0.24409E+05
    0.13429E-01    0.24471E+05
    0.13700E-01    0.24524E+05
    0.13977E-01    0.24569E+05
    0.14259E-01    0.24604E+05
    0.14547E-01    0.24629E+05
    0.14841E-01    0.24645E+05
    0.15141E-01    0.24651E+05
    0.15447E-01    0.24647E+05
    0.15759E-01    0.24633E+05
    0.16077E-01    0.24608E+05
    0.16402E-01    0.24572E+05
    0.16734E-01    0.24525E+05
    0.17072E-01    0.24467E+05
    0.17416E-01    0.24398E+05
    0.17768E-01    0.24317E+05
    0.18127E-01    0.24225E+05
    0.18493E-01    0.24121E+05
    0.18867E-01    0.24005E+05
    0.19248E-01    0.23877E+05
    0.19637E-01    0.23738E+05
    0.20034E-01    0.23586E+05
    0.20438E-01    0.23423E+05
    0.20851E-01    0.23249E+05
    0.21272E-01    0.23062E+05
    0.21702E-01    0.22864E+05
    0.22141E-01    0.22655E+05
    0.22588E-01    0.22435E+05
    0.23044E-01    0.22204E+05
    0.23510E-01    0.21962E+05
    0.23985E-01    0.21710E+05
    0.24469E-01    0.21448E+05
    0.24964E-01    0.21177E+05
    0.25468E-01    0.20897E+05
    0.25982E-01    0.20609E+05
    0.26507E-01    0.20313E+05
    0.27043E-01    0.20009E+05
    0.27589E-01    0.19698E+05
    0.28146E-01    0.19382E+05
    0.28715E-01    0.19062E+05
    0.29295E-01    0.18737E+05
    0.29887E-01    0.18409E+05
    0.30490E-01    0.18077E+05
    0.31106E-01    0.17742E+05
    0.31735E-01    0.17405E+05
    0.32376E-01    0.17065E+05
    0.33030E-01    0.16725E+05
    0.33697E-01    0.16385E+05
    0.34378E-01    0.16048E+05
    0.35072E-01    0.15714E+05
    0.35781E-01    0.15384E+05
    0.36504E-01    0.15060E+05
    0.37241E-01    0.14742E+05
    0.37993E-01    0.14431E+05
    0.38761E-01    0.14129E+05
    0.39544E-01    0.13835E+05
    0.40343E-01    0.13551E+05
    0.41158E-01    0.13276E+05
    0.41989E-01    0.13011E+05
    0.42838E-01    0.12756E+05
    0.43703E-01    0.12512E+05
    0.44586E-01    0.12278E+05
    0.45486E-01    0.12055E+05
    0.46405E-01    0.11842E+05
    0.47343E-01    0.11638E+05
    0.48299E-01    0.11445E+05
    0.49275E-01    0.11261E+05
    0.50270E-01    0.11086E+05
    0.51286E-01    0.10919E+05
    0.52322E-01    0.10760E+05
    0.53379E-01    0.10609E+05
    0.54457E-01    0.10463E+05
    0.55557E-01    0.10322E+05
    0.56680E-01    0.10185E+05
    0.57825E-01    0.10051E+05
    0.58993E-01    0.99161E+04
    0.60184E-01    0.97798E+04
    0.61400E-01    0.96400E+04
    0.62641E-01    0.94949E+04
    0.63906E-01    0.93429E+04
    0.65197E-01    0.91825E+04
    0.66514E-01    0.90126E+04
    0.67858E-01    0.88327E+04
    0.69229E-01    0.86432E+04
    0.70627E-01    0.84445E+04
    0.72054E-01    0.82368E+04
    0.73510E-01    0.80197E+04
    0.74994E-01    0.77931E+04
    0.76509E-01    0.75571E+04
    0.78055E-01    0.73130E+04
    0.79632E-01    0.70627E+04
    0.81241E-01    0.68081E+04
    0.82882E-01    0.65523E+04
    0.84556E-01    0.62988E+04
    0.86264E-01    0.60507E+04
    0.88007E-01    0.58110E+04
    0.89785E-01    0.55824E+04
    0.91598E-01    0.53672E+04
    0.93449E-01    0.51667E+04
    0.95337E-01    0.49820E+04
    0.97263E-01    0.48138E+04
    0.99227E-01    0.46620E+04
    0.10123E+00    0.45265E+04
    0.10328E+00    0.44066E+04
    0.10536E+00    0.43015E+04
    0.10749E+00    0.42095E+04
    0.10966E+00    0.41287E+04
    0.11188E+00    0.40564E+04
    0.11414E+00    0.39888E+04
    0.11644E+00    0.39225E+04
    0.11880E+00    0.38534E+04
    0.12120E+00    0.37786E+04
    0.12365E+00    0.36957E+04
    0.12614E+00    0.36033E+04
    0.12869E+00    0.35004E+04
    0.13129E+00    0.33872E+04
    0.13394E+00    0.32644E+04
    0.13665E+00    0.31339E+04
    0.13941E+00    0.29984E+04
    0.14223E+00    0.28613E+04
    0.14510E+00    0.27262E+04
    0.14803E+00    0.25973E+04
    0.15102E+00    0.24779E+04
    0.15407E+00    0.23709E+04
    0.15718E+00    0.22774E+04
    0.16036E+00    0.21979E+04
    0.16360E+00    0.21313E+04
    0.16690E+00    0.20756E+04
    0.17028E+00    0.20281E+04
    0.17371E+00    0.19851E+04
    0.17722E+00    0.19431E+04
    0.18080E+00    0.18990E+04
    0.18446E+00    0.18498E+04
    0.18818E+00    0.17935E+04
    0.19198E+00    0.17296E+04
    0.19586E+00    0.16593E+04
    0.19982E+00    0.15850E+04
    0.20386E+00    0.15099E+04
    0.20797E+00    0.14372E+04
    0.21218E+00    0.13697E+04
    0.21646E+00    0.13096E+04
    0.22083E+00    0.12585E+04
    0.22530E+00    0.12157E+04
    0.22985E+00    0.11794E+04
    0.23449E+00    0.11471E+04
    0.23923E+00    0.11160E+04
    0.24406E+00    0.10835E+04
    0.24899E+00    0.10478E+04
    0.25402E+00    0.10085E+04
    0.25915E+00    0.96601E+03
    0.26439E+00    0.92232E+03
    0.26973E+00    0.87954E+03
    0.27518E+00    0.83976E+03
    0.28074E+00    0.80440E+03
    0.28641E+00    0.77368E+03
    0.29219E+00    0.74703E+03
    0.29810E+00    0.72258E+03
    0.30412E+00    0.69861E+03
    0.31026E+00    0.67379E+03
    0.31653E+00    0.64751E+03
    0.32292E+00    0.62021E+03
    0.32945E+00    0.59277E+03
    0.33610E+00    0.56659E+03
    0.34289E+00    0.54259E+03
    0.34982E+00    0.52102E+03
    0.35689E+00    0.50151E+03
    0.36409E+00    0.48301E+03
    0.37145E+00    0.46471E+03
    0.37895E+00    0.44611E+03
    0.38661E+00    0.42730E+03
    0.39442E+00    0.40885E+03
    0.40239E+00    0.39130E+03
    0.41052E+00    0.37508E+03
    0.41881E+00    0.36006E+03
    0.42727E+00    0.34567E+03
    0.43590E+00    0.33168E+03
    0.44471E+00    0.31811E+03
    0.45369E+00    0.30497E+03
    0.46286E+00    0.29225E+03
    0.47221E+00    0.27998E+03
    0.48174E+00    0.26815E+03
    0.49148E+00    0.25676E+03
    0.50141E+00    0.24581E+03
    0.51153E+00    0.23529E+03
    0.52187E+00    0.22521E+03
    0.53241E+00    0.21556E+03
    0.54317E+00    0.20632E+03
    0.55414E+00    0.19747E+03
    0.56533E+00    0.18899E+03
    0.57675E+00    0.18087E+03
    0.58840E+00    0.17310E+03
    0.60029E+00    0.16564E+03
    0.61242E+00    0.15849E+03
    0.62479E+00    0.15164E+03
    0.63741E+00    0.14507E+03
    0.65029E+00    0.13877E+03
    0.66342E+00    0.13273E+03
    0.67683E+00    0.12693E+03
    0.69050E+00    0.12137E+03
    0.70445E+00    0.11604E+03
    0.71868E+00    0.11093E+03
    0.73320E+00    0.10604E+03
    0.74801E+00    0.10135E+03
    0.76312E+00    0.96855E+02
    0.77854E+00    0.92552E+02
    0.79426E+00    0.88431E+02
    0.81031E+00    0.84487E+02
    0.82668E+00    0.80712E+02
    0.84338E+00    0.77098E+02
    0.86041E+00    0.73641E+02
    0.87780E+00    0.70333E+02
    0.89553E+00    0.67168E+02
    0.91362E+00    0.64140E+02
    0.93208E+00    0.61243E+02
    0.95091E+00    0.58473E+02
    0.97011E+00    0.55823E+02
    0.98971E+00    0.53288E+02
    0.10097E+01    0.50864E+02
    0.10301E+01    0.48547E+02
    0.10509E+01    0.46331E+02
    0.10721E+01    0.44213E+02
    0.10938E+01    0.42188E+02
    0.11159E+01    0.40252E+02
    0.11384E+01    0.38402E+02
    0.11614E+01    0.36635E+02
    0.11849E+01    0.34946E+02
    0.12088E+01    0.33332E+02
    0.12333E+01    0.31791E+02
    0.12582E+01    0.30319E+02
    0.12836E+01    0.28913E+02
    0.13095E+01    0.27570E+02
    0.13360E+01    0.26288E+02
    0.13630E+01    0.25064E+02
    0.13905E+01    0.23895E+02
    0.14186E+01    0.22778E+02
    0.14472E+01    0.21713E+02
    0.14765E+01    0.20695E+02
    0.15063E+01    0.19724E+02
    0.15367E+01    0.18797E+02
    0.15678E+01    0.17912E+02
    0.15994E+01    0.17067E+02
    0.16318E+01    0.16261E+02
    0.16647E+01    0.15492E+02
    0.16984E+01    0.14758E+02
    0.17327E+01    0.14058E+02
    0.17677E+01    0.13390E+02
    0.18034E+01    0.12754E+02
    0.18398E+01    0.12147E+02
    0.18770E+01    0.11569E+02
    0.19149E+01    0.11018E+02
    0.19536E+01    0.10493E+02
    0.19930E+01    0.99935E+01
